1.042474288590713 1.0259722217265754
0.4622703166014528 0.4206739759758402
1.821873883625405 0.3159261385281825
0.333985368152018 1.6387338118320598
1.6497433085171422 1.924860740151925
0.35655493326038457 0.3987490435803278
0.817405154552119 0.9752018878058917
0.44775884102565583 0.15332245975056646
1.7493808432324685 0.23093950934008878
0.3779753349196871 1.9201342779121453
1.5882082710028227 1.7121236175557026
0.20060496408894224 1.589700287483401
0.8722960734888239 0.931050300295438
0.39608769331100363 0.08361359191997875
1.9813444290506053 0.37176646709182387
0.1628427935257375 1.7491850256255908
1.8357062902005665 1.6241477242690978
0.8735276920310118 1.3546905037255477
1.1614883712541662 0.9746914969410558
0.37457789848307477 0.10964312005102433
1.8419100216160342 0.3044685234238892
0.14200469766316826 1.5018652525486926
1.659551783907957 1.570258701268132
0.48207879422281685 1.5306911153717524
0.9490025316289143 0.9970964586588678
0.15980489148054156 0.23299033651601758
1.683953265426503 0.39841264075619437
0.49483831099920655 1.5225726354023124
1.5011442641841102 1.9775978376672243
1.090771716937425 1.8908570554396047
1.030741952536754 0.8970729269884146
0.23911077437621087 0.12001981570442655
1.5395015235373428 0.23093839058489396
0.34597593046133013 1.5757806439982356
1.9240292524169271 1.9047102020078124
0.6964437973407889 0.4883474864377617
0.8159530975638575 1.0975124709289337
0.33974681720470923 0.29801029855433575
1.5844755433093272 0.15505815059124817
0.4675674357364236 1.907025602217173
1.9256109219509043 1.7870531294600038
1.473622196428878 1.681178758914035
0.9988379617465903 0.8176742161209076
0.25546753301596414 0.05952077921402327
1.5554922762796106 0.11019212286077618
0.16939048014737296 1.9177858013811035
1.771253729088998 1.8490167029108242
1.0379425206774402 1.2684683085787622
1.0016055698243953 1.0303506486626552
0.1861981386502758 0.20748576351514708
1.7100832282771887 0.13533460006945808
0.16811383245374345 1.7835221239738015
1.853748437023714 1.6120674687944216
0.38307753555777047 0.529756799139731
0.9581396457121321 0.9612761435437874
0.1740732223658059 0.12948893934248862
1.5471709811836 0.47031725465881946
0.235320185031409 1.9657315253887353
1.5972311664431231 1.8705211063713456
0.7423347397162077 0.5079234634993257
1.1328503967670736 0.954154827889446
0.008695091223645979 0.34249626065369365
1.8020099231711886 0.10398003030204384
0.3540705421108068 1.9873220336964987
1.6126328235282128 1.9952193007996346
1.9092861221766024 0.6125378589458168
0.9321689613848645 0.9281997904415291
0.18588605678757986 0.0990366088068233
1.6990352357451177 0.148079439728093
0.46584310719605343 1.5559495447374245
1.6715988291317703 1.9610306557599588
0.5224960106019125 1.5443193277561424
1.06653342587231 0.8960913790648035
0.13750987447813462 0.392400391915325
1.5871778043986882 0.48265883580727365
0.16360528223817544 1.6321641022751776
1.5975579831491324 1.576614979039407
0.4776157120129356 1.6527043266937558
1.1586064456523069 0.8887779166801837
0.005112927324873506 0.24188307912281032
1.89519062641159 0.23237474884937454
0.3825782631678326 1.8482951821365046
1.876232295382353 1.5242847439483629
0.9758175722809737 0.13734811937202474
1.1688546006368297 0.9495577976689602
0.20718712586079419 0.47943299367132625
1.829396086152358 0.2939176201703652
0.25792943918059114 1.7899625722253805
1.6633678235992495 1.9940672166113973
0.7507434549779062 1.9907179390931127
0.8225106598922953 0.8133975895394259
0.44878160262049355 0.39626978255462564
1.8930009945211004 0.3421852755787002
0.3581786225802022 1.554931444112161
1.914830144910201 1.9192150554403984
1.7368459671768515 0.2527600600187432
1.1723302158645668 1.0784562916081806
0.14299170494149338 0.04212168494010238
1.6347404655141646 0.49726152908167165
0.4645298881096842 1.7037373849785857
1.5834459304413757 1.590432961480658
1.8502042050842318 1.0099542286373926
0.9194450383746561 1.105301645289813
0.45652900032838445 0.20068705713908497
1.53509925105328 0.13552218985648767
0.4496416568996435 1.713088912451733
1.718085857052754 1.742982248045235
0.6485989089148623 1.6198943997890585
1.1400060515875006 1.1453199439990478
0.35612728439990665 0.09275752817322613
1.6107227425057848 0.17633516051822712
0.11452320320569587 1.8365123798161556
1.8634719853935109 1.5745950034973615
1.4208338697305565 0.8788649737950311
0.8281992796926246 0.9033363990278815
0.1189648958418148 0.18314714121251607
1.661868259285114 0.0708406940812078
0.06929700527101612 1.8670358765006594
1.8940561914175547 1.5627736650132806
0.7259959000143614 1.27370810084256
0.9666090590053962 1.0804788645131926
0.2785849851384013 0.08915397920553658
1.603860161186863 0.16119273484165986
0.39249153169778 1.6839159455885944
1.8220544911884187 1.9075718608299803
1.5615461410826537 0.0706070496340776
1.0727931192708173 0.8218331448415807
0.40797042212113804 0.006737697905348172
1.5115009784818285 0.06741140516445321
0.37433043152021667 1.6494930356481605
1.698335474210885 1.930346391604075
1.1848404707891396 1.7922385696723868
0.9463249872212608 0.8094539406453612
0.4934816374781599 0.2859285059967984
1.8652537887971792 0.2946416730063215
0.14215950417264434 1.9032183549046904
1.9753490147442423 1.8102401228787786
1.1458795888257443 1.621073997847136
0.8534497204797744 0.9948109958291178
0.42729079077288684 0.2991901421298306
1.5197493988917927 0.3361322856155415
0.38070356858980586 1.877727155354452
1.6236452525294303 1.638300009170989
1.309791335379977 1.4404391001669887
0.8368894900510383 0.8557656110229703
0.34174682012484725 0.055541317259719725
1.6187853114060837 0.17664403840793186
0.196271637380321 1.9365403029104071
1.8877714751897998 1.9141537638732262
1.5557526970592337 1.5862688479655578
1.0262263823329703 0.9916884659728008
0.12678158443821824 0.11919734992274367
1.556471494703212 0.2772656583483731
0.43232875483081495 1.904558039583196
1.8334485050885232 1.8020635954252797
0.4347606623635438 1.931323074487295
0.9496802059924757 1.0363451141677407
0.011018150827742268 0.2943255247224839
1.6315415295376523 0.34576024761161855
0.42402952371573 1.93096695857319
1.7759157369299532 1.7019447271527746
1.3518646143696682 1.6599550600724118
0.9109898698416449 1.0716913225293276
0.04866792770788847 0.2372149146350962
1.7610856917039368 0.4665847151060344
0.2813584248987797 1.5895132216184398
1.7891979722521942 1.9765809775123269
1.809176681355786 0.015356016067123335
0.8954973416909934 1.1667358821868319
0.23760428961773677 0.15374319874704573
1.5110761296753006 0.4816193304010069
0.31444820772547116 1.8833019053052342
1.777784903909533 1.5087892235540907
1.9041786187079222 0.41252333104168515
1.007424085864984 1.14414431657413
0.2991760319080965 0.03348047395131709
1.7640422141379017 0.37641369184270645
0.1604483410507626 1.8803647547561941
1.5458277752121232 1.6416791181134354
0.6235475862576074 1.6090317056699726
0.9157201894026114 0.9932723927331532
0.3773748342501892 0.4621015255673461
1.579117899630316 0.33740030457472214
0.03899111459902388 1.5621952974678366
1.9244457503498522 1.9814240401788936
0.5059263194261647 0.11201168595620614
0.9987573577484442 1.1018340730019496
0.06389645450198761 0.4409854547691609
1.7064205728062312 0.1030463556516597
0.3528540791626371 1.6202824191682295
1.8150979877635631 1.5151035108208668
0.9677653423689776 1.673570545839195
0.8285271654161781 1.0694240801669324
0.2264366916726155 0.3269636190009554
1.7963349003481084 0.2363087261398319
0.06184294962024173 1.8853807399755262
1.9762156356875207 1.5161972768884655
1.9945699706296418 0.588216522225931
0.9228970546075166 1.094630905573557
0.11023828160380311 0.4861334656249008
1.594762719094011 0.49702692815012034
0.3912201707473942 1.8208377674064333
1.5214012075907475 1.7772053048120098
0.9955855682577295 1.5546775320641046
0.9198667790733277 1.1934918129733132
0.0974561386708166 0.033488317832878145
1.8377639074229621 0.09103313306549304
0.49117991491186963 1.554755169113332
1.910491171351529 1.8226379297335533
0.4031597708094121 0.10083177473935034
1.09065884729275 0.8105568055282423
0.3453339580553686 0.10481998544354343
1.6532511083443067 0.21777801167869343
0.1409211998097451 1.7660934105269819
1.6996407420810762 1.9162644411269854
0.06872211451034249 1.9942971964351541
0.8088671223286453 1.1248443804157573
0.2824860251282654 0.4789331678224507
1.5435144970593473 0.030165551279749736
0.4897965544155519 1.8770360294443336
1.973328244153342 1.8840285561265142
0.6655249087190633 1.6725540334824296
0.8307782404665864 0.9314873127275732
0.12275376122035941 0.036667477715800534
1.9603411935351414 0.3590597512595457
0.1488143265982972 1.938011836917512
1.7097897051750484 1.5284329953096694
0.1539933894194867 0.525303135430474
0.8173713043896258 1.1958825342230335
0.15815748578925426 0.008555303236966239
1.594357175432248 0.34057041971958757
0.1884487485287034 1.8227303937245902
1.8318825111890735 1.7114656011519005
0.898734381095359 1.8480909756729327
1.0413918110173541 0.8306745983163177
0.11638951256087537 0.22515038889174654
1.7819575591534003 0.41674477259400194
0.2632624812112214 1.8784182291364815
1.8677403534238766 1.5312834892788787
0.2469576977299459 0.460059770728972
0.8732863885963522 0.9369180431907379
0.31409550592720775 0.14314423687315264
1.8868049299098624 0.05968651662441388
0.17027207620845403 1.5011500487564038
1.9898199300502846 1.9128915490418232
0.2862663570870061 1.340010571315517
0.8276756958142378 1.0792793814392962
0.20486690685666453 0.27634447674257345
1.6383631379902772 0.4953929912080175
0.15628782950184905 1.7277515522214477
1.7170531253998178 1.8749460430894433
1.0954755812708608 1.1837934033493185
0.8774332650211772 1.1311553273567527
0.2104177999409187 0.31342122504136427
1.707297560112931 0.17674597938745829
0.2196350398870066 1.8542071903717208
1.7528066590346036 1.7235834158823544
0.08532296435767872 1.5223686477428613
1.005328795811122 1.0290991431105074
0.4348457290312714 0.15403473749056523
1.766811044852487 0.2751110453677263
0.0037145866020532603 1.805838427204233
1.7912146791035446 1.9598193045385566
1.996636293485455 1.9637105229344063
0.9635850666122783 0.8169630968490279
0.4951762476972741 0.341539391562257
1.93009811884528 0.026895011331133478
0.15378647159145792 1.9967250447745628
1.6561875894042033 1.7695819450176928
1.7817276176985943 1.2330522571470581
0.9495881649973241 1.038680072018665
0.25656737942364316 0.4139163588322532
1.767088048956056 0.3851803994447535
0.20416079913630392 1.7249240148609304
1.841014357985975 1.5948389713977724
1.9404859645525083 1.9848007752073127
0.9813814580532447 0.8546235531244023
0.23760033646735884 0.03491909471158272
1.5885109810573166 0.08720060241414024
0.18065644052377677 1.7559976459270672
1.8919630641754532 1.9605457939756454
0.9158436575642541 0.8457763581607267
0.9694642091554221 1.010000375238724
0.3500091153052107 0.4046230607871311
1.8420594238878811 0.45593866546252715
0.1427383241811539 1.650194404808262
1.6266484435588222 1.9552887361926212
1.8739952894653207 1.8232616404475224
1.0318065571544108 0.9747466104793998
0.45800205816546957 0.3826528515480336
1.7940307181401596 0.008527488432616581
0.35117021518727876 1.5883333656048002
1.8971729970590108 1.5335151675134064
1.6029502123725845 1.0726712703932342
0.8868830526555973 1.0029123200881938
0.4850043661510418 0.48831721796927907
1.6703243272870263 0.24539843164714537
0.13032051800962619 1.948024761051284
1.9991615693319287 1.6241377477069867
1.3587036252101738 0.06848313498427183
0.9849176480748547 0.9255366806505576
0.46020145269289603 0.4697142327792563
1.603031314338597 0.34227002217511265
0.29943445502897054 1.6753163997288887
1.8907979125060603 1.8940692712888643
1.2715140370819296 0.45839863649890455
0.8004236118199658 0.9945305953943342
0.483688429882246 0.4585761140384042
1.573091169734181 0.36208810473584085
0.2742368216970678 1.587187774973299
1.6208345907217088 1.9258891099351216
1.3954776721367435 1.3045292160267417
1.0095125147361195 0.8360994634840593
0.0973323625800015 0.34920508357915936
1.5556050553174539 0.04592297620272501
0.0891551064530059 1.6275206325119962
1.77128612420525 1.526361925272416
1.6427943296709 0.026732918548925788
0.9133369864060576 0.9507544507982295
0.47862906777571157 0.45830872565293684
1.762382285188728 0.23059895428376243
0.16125381250729293 1.7832566433453576
1.7991285203620546 1.886923695197666
1.6898216107613069 0.16205397831054458
0.8444226937974906 0.8129762835119992
0.2268876530583953 0.23787543508286146
1.7361603984268539 0.4764759916923654
0.10964636816443207 1.848410361422454
1.9118165692607445 1.8685197151298136
0.47521780281856896 0.040546476208218385
1.0055354603836413 0.8771111040141716
0.28500120467551565 0.32543736060465916
1.5826774406929414 0.07132289179914547
0.35870194166319486 1.5014369696093117
1.5337935962193205 1.7813237437157752
1.131176794589394 0.6515899040255144
0.8411201983922889 1.0870935316441077
0.23586328766808434 0.025150532752917232
1.83038829998728 0.20561575634443274
0.08979012246737267 1.7361620474585466
1.5154066010776246 1.6748870467680517
1.0969619511841766 0.336135298192463
1.0292388397831114 1.0161079908994082
0.33016526337795865 0.41907864804034234
1.783105262989474 0.29086525117868833
0.3646074491895526 1.5580620481556664
1.5017530807668704 1.84616051518385
0.7596479149022084 0.48914540513806326
1.107325241472896 0.9283145163739153
0.14186069607062096 0.21089927556265475
1.7782062532605638 0.11572051030886354
0.42330514159747074 1.5261416445177773
1.816974068195244 1.5116025977588206
1.2501838958919622 0.1928232109891297
0.8079654158094025 0.8582812737468788
0.20900838080275752 0.1039580378118054
1.9822923172120426 0.30461706974559405
0.26268873976214685 1.6859858367179368
1.82937108586351 1.8752305056131666
0.9935936635876623 0.6250499179509086
1.1813023996953755 1.0447814893442129
0.40100676829378085 0.012178495915550813
1.7472896130105464 0.3606311084171517
0.12368548433918986 1.7017718623429174
1.544463246590384 1.6569912886876645
1.2703320462657086 0.19878168102119065
0.9185552541775588 0.9341281081501881
0.05840800129473678 0.19579246704735598
1.612978896669017 0.43797107303215904
0.46307666182213747 1.554108020725403
1.6267137794474222 1.5252244242063877
1.3915190930824144 0.6869831482635049
1.1665328271576823 1.0842351228486928
0.17855081149594937 0.004187497181057542
1.776799300132058 0.40018313709147485
0.3521674925906351 1.5265235480259274
1.6761437030963706 1.8032564655837557
0.12397839255229215 1.0740031087431652
0.935913113765083 1.05411024180575
0.06917709839384123 0.295375317458412
1.7585110912417565 0.17766587378523863
0.03461806702207437 1.8562654859118408
1.883413436327988 1.7933135292169258
1.7217069395465308 1.5481265630632113
0.9564498436932609 1.1544990402018571
0.4629979264103292 0.2856670813254214
1.565915540483053 0.4424842657897443
0.08708472489539554 1.8747659317070324
1.6561917803945685 1.580956353148489
0.3286087143823089 0.9113649245632751
0.9201586627546402 1.163916418779259
0.07885047198903589 0.06409816873736296
1.9183184579130141 0.1697427559745353
0.2596218873715274 1.709724688703796
1.95074455880195 1.750137446772623
1.6130263153312208 0.7313745466743955
1.0789255815398342 1.1803169298738156
0.02963808367779508 0.28397759155132624
1.5067868170802285 0.25292149154519816
0.12797014347181201 1.6642096718555923
1.8556638147520368 1.5527494438607727
1.2778085038059055 0.7967220125523273
0.925871411591296 1.0821709867677238
0.31367155473314223 0.11864370625375908
1.8644866709574446 0.485599364292234
0.1669073418419968 1.7285091848066263
1.959521600156821 1.7371780827935954
0.5603549490764936 0.8605423487200243
1.1901960836305259 0.8137296386860385
0.38433042800902234 0.44009031045832053
1.6865034774514145 0.4138823633270974
0.2527650519466556 1.8176774494953363
1.6909706465765943 1.9478929832600649
0.9952815747275041 1.2689648165365868
1.0131178252918414 1.0877763984411706
0.47313892503972543 0.3475841133162419
1.876534419430184 0.30262462149515595
0.4240134762714757 1.761796727280786
1.6484275950190863 1.862503815313636
0.5580539308421564 1.8695088527705532
1.1479123436120178 1.1151798494704916
0.4434019227466526 0.1387264443399267
1.7077054398006715 0.24417480380295187
0.47149408914774904 1.8069362218492504
1.9369626802494013 1.5339789817917346
0.8411394108972876 0.5809809376573198
1.1399482102640854 1.024076929889444
0.47547207602308056 0.07761940679014351
1.7665042014317263 0.27089943622182566
0.09442939873387746 1.912620384516376
1.7023830098179782 1.7538684842027665
0.13493088728925895 0.18023133773814903
0.8930048983938448 0.9225317712707692
0.33052006765908964 0.37387836568022914
1.8024332348884238 0.21212967110818937
0.44476566067851686 1.9563257320297838
1.8967349452728919 1.647392245066638
0.19389862661448554 0.2224575630931096
0.8160508411539 0.8870312267919465
0.30735576063701403 0.1421900128105547
1.7314760257400352 0.46244734109639707
0.3907047159622136 1.577107921760376
1.8255643073121726 1.6531494810843372
1.0641306486235313 0.5605698585597036
1.0700493173021437 0.9251933729818536
0.29639867960210875 0.26494710977254976
1.838831860810172 0.30137066702782467
0.26045713225544953 1.808917374073788
1.715261471073514 1.5289746033250402
0.6316234747132434 1.6654620134869798
0.8972507291628041 1.1645811116043336
0.04632220532843623 0.03019796314969414
1.695613733618054 0.42451969453235
0.17929944730905673 1.8694939301321931
1.898681564527222 1.561109259003871
1.5213897942539198 0.8728585225348022
0.8158202254640521 0.9605286749338461
0.39219644280284033 0.1637309204575884
1.9453167956095316 0.41323581242713747
0.38694430436720684 1.9829381775859245
1.7489684535741432 1.736379887836121
1.6356518935731972 0.793738210710428
0.8005407089503569 0.8944041997951307
0.24913073970416977 0.41757114681411767
1.9288530743221268 0.4833995152673865
0.11803279889859569 1.9231389803095549
1.6951244033577861 1.7664647918857654
1.9650929616860313 0.4241614219725567
0.845721256160021 0.9497475548104946
0.15246738604037474 0.21749877757370106
1.601811559227468 0.014834854192047109
0.2462343916535079 1.5711937840472419
1.5283554252927902 1.5296038909025576
0.3403417446034793 0.9766566962331111
0.9193322187420612 1.107237785248377
0.024504011592410224 0.009404919199505979
1.854341034777952 0.07020864637237367
0.43199022719071983 1.682790310897414
1.7555858451286617 1.7182492474556943
0.5115686318069388 1.1291509316471384
0.8677785250667529 1.1904606032694884
0.16852275878426087 0.37838366013850017
1.6726661510970207 0.36672717841877145
0.4753619185291155 1.7612253466907226
1.9757739182583431 1.7511738162232247
0.352275150796989 0.24875506295712957
0.9186133106861293 1.0229615458454966
0.23358033127195327 0.24541553690618134
1.5817357841922859 0.46520237364511696
0.45874805912743943 1.928318287683701
1.6457731583788704 1.8254502360267515
1.079061306505678 1.1965450439311573
0.8538850598710483 1.0230865184378983
0.058063631203207455 0.4743297423500612
1.9808657809624182 0.2892042700132006
0.06940703384783359 1.9789342073740517
1.665473066193244 1.8474814749099564
1.1623583477628725 0.555806952325294
1.0897013465460825 0.8666265204018058
0.38644145208636554 0.04643964976257503
1.8284765366266313 0.4820359455373605
0.21877521356607815 1.895163102816396
1.9468153968444872 1.892909066465254
0.07381843253582465 1.550042150461296
0.9979836977110021 0.9882995597485729
0.4619437012811322 0.08182784801853582
1.6481392676606528 0.05116147597879944
0.22449538418563386 1.983409159416823
1.5380212664501094 1.8027447227355398
0.17425455550269797 1.5283569414983167
0.8442779843178796 0.8716178513464403
0.42807514122640883 0.40471439639089485
1.5161328152357136 0.23848754048360254
0.3918712203890308 1.9817259761827883
1.9529767229814932 1.527465382910108
1.8917285852331238 1.694690285932052
0.8908759822724984 0.8927044698245991
0.323921518468867 0.0656736548143883
1.5505764824662225 0.09054307902585568
0.3241391416700881 1.9656903174705018
1.6062136051972238 1.8820813156777914
1.872587207832461 1.7436585336371608
0.9273938661550615 0.9371388605501748
0.23213193357957113 0.24567230878517976
1.9539423951199417 0.2851217078223179
0.20550000376342376 1.6589394882128814
1.6762850910697569 1.9733314906270776
0.008949280895724554 0.23962842330813672
0.9413444984916356 1.0999265487904104
0.33426159593279436 0.2759830372739919
1.8643641782094953 0.4003453680003717
0.13727843396864092 1.8292042282997163
1.8145741030099756 1.705179861876108
1.1543514798495818 0.9369530082191599
0.8291305088824774 1.107203878184107
0.2458354932105296 0.11398558341186299
1.6466473600658853 0.48837800326682035
0.3658788457326 1.822250982287552
1.8826855826798203 1.9606808600558647
0.9349613337713463 1.7881374768013074
1.1732762511968393 0.8643041556061983
0.04304381081852826 0.01769874565086782
1.8012495919452751 0.039161864502319677
0.4213826047248354 1.9546045005882227
1.839562435934396 1.7970519092296002
0.34697104801567624 1.1230268659647817
0.9746069654343904 1.1383274009543771
0.35440588968972353 0.3615939131271607
1.888737665607962 0.18956903510616263
0.28768177682063906 1.951253945370194
1.5093277114985546 1.7764350690025557
0.8014875453136392 0.4059380505592214
1.0284744213331662 0.824371323784445
0.27404043420575397 0.032822999543107634
1.7583412257119604 0.35025522455349456
0.24897064518728457 1.8767522784490276
1.742594267410964 1.8873498653796554
1.936438008353103 1.0889846567281773
0.9720186601498635 1.1230969727738087
0.15835516540508648 0.14045032193740642
1.932211446244986 0.286272191333179
0.0032168955135094546 1.5672012640642654
1.9375962100874946 1.8912335640019333
0.8607131631927099 0.3786731407550554
1.1048462282920763 0.873317888274755
0.09502013429298595 0.36061027161636017
1.731856204333745 0.09814003056403903
9.102364963719523E-4 1.9265709671371698
1.512984760443163 1.85473478558075
1.5289732896574206 1.2191755358759937
0.8983960050042415 0.8368174506423692
0.48201462400869693 0.12771952099690526
1.6399616641357324 0.007599684837873155
0.2569369340785804 1.6036350300221751
1.7214945671411395 1.6015708174518843
0.6662456444023308 1.4695126949150228
1.0596541217205857 1.1236146350420995
0.22533832056538994 0.06595463546195546
1.9694233950141222 0.35666105578780977
0.0948546353400549 1.5155097256344467
1.6629245134323691 1.8377787736311229
0.06964493588078957 0.11321032260642716
1.1027702205712584 1.1744139385287493
0.05665318260578356 0.03616286651627004
1.6618982737772356 0.2798310862804186
0.4161424049480265 1.9303671830634137
1.9959907272361956 1.7710848778394928
0.21025099603603792 0.38781768482956935
0.8075180700760964 0.9829910280769607
0.3866733624742339 0.45120606094296606
1.9605520341251443 0.10755119788920786
0.14217698773007625 1.8653498105043411
1.6615973512278142 1.6588860350924288
0.8413821161290982 0.958007212017908
0.9064338406445961 1.1447811384516933
0.44654614705732876 0.08744457581155252
1.7959153696048171 0.20389273218752335
0.4537368202164968 1.8960453045742067
1.9149343222218833 1.8799821020026037
0.7902045409990135 0.6798015356585392
1.042856279569407 1.0589529568171494
0.2277678007866638 0.4916501018482944
1.9898747739945035 0.13345353342648214
0.3517612700823451 1.6110884235221656
1.6205493377477884 1.8327171603319183
1.2678220725150753 0.11480275046661359
1.0799835239889863 1.1897663806917504
0.41135381633364143 0.25109343490403535
1.820812725710847 0.2911685764924885
0.3838932476980659 1.8795380022834902
1.5931547978135083 1.7165821151752232
0.8786934567337652 1.7521257182098984
0.8164518693633898 1.109027996134904
0.07903412611256277 0.35988517666836095
1.6027749584248192 0.414391864962773
0.12400927471472889 1.8296343002155857
1.767418408193209 1.5556010081670955
0.043427342769522426 0.8820669561791032
1.0768325359206243 0.894974019747208
0.023169241762530435 0.17685434470190314
1.7132809897302712 0.22912650425897274
0.15649160296058062 1.9653743293726547
1.6523498678693604 1.6699675754189822
1.7697083828835425 0.2393677791359845
1.1958330482663284 0.9539257619399621
0.4178844327569935 0.02933204749996604
1.9580071775829466 0.36167413437880774
0.40342309599104753 1.6720494124237677
1.8701339089786224 1.6974183690403426
0.6143113172191204 1.8952584347000478
0.9028804606021076 0.8595785861148578
0.48159461043938434 0.3731642260210109
1.786060018321002 0.07324489560092046
0.14118610096990364 1.9834714294194036
1.5953735667808762 1.7077230228823286
0.2748620569190976 1.4262987799396443
0.939154291965309 0.9708007502440822
0.050643347316339626 0.07210967926744705
1.6669206613992327 0.34821306292264537
0.4831223963887718 1.9020712567036
1.8986955737869322 1.9424421100542983
0.5332093031201666 0.12435832643786515
0.8020276945063002 0.9923342225570487
0.19520553766459564 0.3094864851896466
1.9093796721665612 0.38672351441801944
0.4569622183333929 1.7783849209136893
1.8585333808849065 1.74774724520335
0.2429719607283567 0.9359077191796494
1.0122659438491393 0.8838052457179393
0.14190349173787198 0.39151196878370553
1.8438948266101498 0.11924841019683324
0.07965585283986198 1.7686499340531716
1.8366411381912384 1.8506178504103163
0.7120321277765789 0.9301199640683593
0.8372220464959895 0.800967917125202
0.3227626370927975 0.24523854931863515
1.6027924275439114 0.47446317840830954
0.028042466840538793 1.6983163953852964
1.516505770306218 1.7581234432231803
1.1764448328864772 1.3941107283316199
0.8786597891301364 0.8691197859335379
0.34718307770124024 0.2543196115199031
1.7175963838473334 0.29245522379424366
0.12146617810624705 1.7652345784626302
1.6793120802718877 1.7357697540967938
1.0954408988441584 0.1399716912511786
0.9467252184911537 0.9421440467000779
0.09252985089973625 0.21304675866335782
1.9095072900219268 0.4827986537810477
0.3720005192799036 1.9191123528912317
1.7394794690068094 1.5440317214581523
0.7179004915418516 1.282082213362489
1.1919782071084222 1.0916485855288964
0.4297447467552957 0.11318166638791516
1.7776672565765115 0.2814224084530186
0.31936809891293055 1.9535434328948649
1.7810268573101875 1.8822157230629868
1.7788793721041538 1.6045106889946723
0.9552863878625765 0.9991876568922351
0.3430588080684104 0.20906305437851863
1.590334184794218 0.26146910074629043
0.25094286529570353 1.8434889153748764
1.7271359601318537 1.8056880869148106
0.2804723010948975 1.68714553875965
0.8207741681660069 1.0905676419264956
0.36743527914577656 0.3343009634697625
1.5564529082791667 0.10148612427763076
0.212398614819707 1.654551865710523
1.8382709657993954 1.7462763877352903
1.0945016659396178 0.19552503760654072
0.9199105790968964 0.9547540904106374
0.3537985627151381 0.26807783477390795
1.7993484321463395 0.009310382819138652
0.44161752708730967 1.940716831634864
1.969076458549487 1.676294536575303
1.5952218915179601 1.1631608880088122
1.0352097846424289 0.9309126854434324
0.08040536399835785 0.07065788892107755
1.7703802290975743 0.14190219015958816
0.007398997785571126 1.9344328533825148
1.921013176227988 1.9141623159473493
0.6884337248497112 0.7064816668507641
1.0899092515078486 1.1256323808021511
0.15889031210802157 0.2261631911292875
1.5283844713852235 0.35015374855433046
0.005309135649585739 1.517001013832807
1.8063048386524514 1.5739844357637103
0.4491059254291687 1.4113475545349965
0.9853808103292128 0.9383948831794053
0.035568863802793504 0.14600688942321072
1.6705945299072824 0.11334202057124082
0.15568776327454648 1.9381841889869014
1.5892574747667898 1.7127237067558139
0.11280434898564806 1.6164175861609769
0.860920602784154 1.0268698955199014
0.162506107297052 0.09858125007922486
1.7324684082032569 0.11041513541919179
0.06337975952159841 1.5317890186949903
1.8933758132417817 1.8267476373356812
0.38693167240238724 0.9924784610134758
1.1009546457430737 0.9346314028960563
0.10866100055593991 0.439880018069487
1.5774648732687802 0.004696454405441641
0.2351842032421762 1.7486768640842243
1.7569398584239926 1.994547008839554
1.9559848625956968 1.1781717346063907
1.0025871015755548 0.9324058508592561
0.4990912491405814 0.12569162128445488
1.6732985525301354 0.19485951873895369
0.20931485007155476 1.700242880975222
1.785817760582346 1.6543197562434728
1.6507395879574462 0.7813842057685711
1.1418092826581498 1.1899786240842753
0.20975476612422805 0.3888319795442175
1.6985672556948024 0.00817178424239301
0.33134164107088687 1.5738589468081092
1.5902795642284269 1.743882927394539
1.0344742367407265 1.7918955726173276
1.1395777518876764 1.1994010307275613
0.2068696173406943 0.16459250976253242
1.6428834808667174 0.08202476776399326
0.3131337213625323 1.7471086713557678
1.502439643286176 1.7160199190336038
1.1300502378580866 1.3747040020334373
0.9293607420769553 1.011155331910878
0.30309495810634324 0.34416096295236276
1.9547548669597266 0.49666237824404313
0.23524990566121062 1.6898493553464244
1.8526939423350484 1.7748900021771612
1.6698667573132757 1.1247792336258264
0.9656425875860576 0.9234513526480201
0.40797127136962646 0.22922992745331888
1.854446987594398 0.08578915984681484
0.0990238503957615 1.8022180857707177
1.5371312782776523 1.5585212947958056
1.5964127071793603 1.1628214495386744
1.0882665136261434 0.9808434875261597
0.07710921453719294 0.15133969408142156
1.6639250265691898 0.262384325991944
0.4022663672863012 1.6926559204123441
1.7333865126348054 1.9186782690369844
1.5743408269598167 0.9379308360877425
0.9703868848788682 1.1918727232324364
0.31354175343898855 0.10670921694006924
1.912709164956293 0.1545672271198758
0.002058523809444268 1.552856501658647
1.91976639777119 1.9225390065172459
0.9956926543357785 0.27692225088316524
0.8281924045253921 0.9664540087714097
0.14545546734037468 0.44139110348686006
1.5570918182254119 0.35075444458958027
0.2395349169327295 1.7362520278571816
1.8217174110375645 1.7206373775815038
1.3681055002008704 1.0813470108381829
0.9584526000193485 1.1022446149267227
0.49719245847097443 0.10254336287985544
1.9006531140394929 0.10461800098039675
0.43485697154354713 1.8932319236129231
1.5508179132523972 1.9924194946674247
1.0715366279913137 0.12211149923058628
1.0953304402259543 0.9152451160248618
0.28496507238622515 0.24944288944575232
1.7263742198467427 0.4484989981139848
0.41575228761434957 1.5597463803086569
1.514465701680321 1.7945334575217675
1.2522421333545901 0.6179114544851534
1.140794546919586 0.8134000118999178
0.005151497498020907 0.0925724642515755
1.7448866717409977 0.3089502952456475
0.22004663648313183 1.9362790341443885
1.659294632403539 1.7976160250999753
1.093451119966932 0.7075279031047328
1.1233551980450907 1.1529806861658634
0.34134115154666084 0.20069542804930246
1.7295087238998836 0.40997653006758517
0.011540991348801155 1.731380038601309
1.7680929810215016 1.6048591994737058
0.8603799092268405 0.5373593700781634
1.0777387891341035 1.1960491121771346
0.4964742667131968 0.1842887051395426
1.6467084288038885 0.4883092162194288
0.06938676901943636 1.8780329024099336
1.8586089713494454 1.6000344242726363
0.9629330465725667 0.4843930069607827
0.9135061533080551 1.0033161842969056
0.05847134127395698 0.12903746221582107
1.7004961077675615 0.13069920289329012
0.45378839321801995 1.6620853526632349
1.7331174632262325 1.5739214539398876
0.8126411429584348 1.0211453955182097
1.0535107579246459 0.9502243176581195
0.23167327898294898 0.41530124558967896
1.990987472335116 0.3757284026975001
0.11541273849623873 1.8298066523033667
1.8999849009888257 1.7262336258382145
0.47108963974088947 1.9029319537417684
1.073483410383151 1.0450995774602716
0.2122145240728689 0.11854374994863465
1.9409915538010716 0.10203700322556719
0.3023111924770311 1.5663408718453402
1.9327081106391206 1.5351507658177772
0.9952946074519131 0.7191519421727295
0.9619206036471929 0.9567340093904412
0.35312657807790093 0.041675306926372
1.7699662880789446 0.15113226983434924
0.12646052242690736 1.858407355914741
1.8480155319513791 1.9284653164987682
1.9811850811397231 0.39910410141713015
1.144844550113373 0.8247748625738244
0.05452073366795096 0.08308921910449979
1.5920475515377597 0.10608912870942389
0.08220472409897911 1.6730570045447788
1.7726080993322604 1.6791172114891475
1.0895551540531525 1.9991763637258082
1.0828932653504917 0.929812612916901
0.02562403538830199 0.09388003325450117
1.6840959988124078 0.16747269656912117
0.16093069466915594 1.5996248002065452
1.527979819089544 1.98353703793312
0.3095513987044545 1.0220808294741557
0.848589849801096 1.141075580040138
0.19874371710322059 0.12431403623970916
1.610818994074409 0.1347070528957851
0.4802364364023459 1.6142262675143066
1.7944969860846256 1.763736944660848
1.3729651698000196 0.6301336244074935
0.8295307926492339 1.1381544719278043
0.13041096486382114 0.003079198643727077
1.7070136311818356 0.1148844938630354
0.04165123560716488 1.935227158219626
1.7195275479013978 1.863483200328
0.07830103327309645 1.4134074615511916
1.1786235089016608 0.919195858826756
0.20200548986234435 0.03317371584165729
1.9018397706914363 0.2416535430669855
0.3486429618736006 1.5440731517542612
1.7099010046163023 1.9851536876264264
0.3167975625236674 0.8599122756848925
0.8453943362158232 0.8615190022551331
0.3310885086811864 0.2254994870058717
1.5267704420604933 0.39434409717139884
0.15619867551789257 1.8486982461848664
1.6963422216292945 1.937028293542402
1.313278669271167 0.34878790678213467
1.17277834817881 1.1916265462659514
0.2254722592130739 0.4253089420086643
1.5774802937958987 0.16188204926977323
0.08469010330362009 1.6664373000925732
1.8767607792026273 1.530779734306285
0.0029162174460404255 1.3488214387390227
1.1316934452619885 0.950094587814846
0.4547299723343327 0.4176103731842886
1.9004209036141366 0.09731574962203027
0.21403680103898115 1.6999505654915457
1.8363910300572042 1.785826695556108
0.560690079855737 1.5534282158841866
1.0910914992487615 0.8028438461822467
0.27840114499636803 0.125469307116922
1.947195258552926 0.15692081019005993
0.0793551486258341 1.9731249227666778
1.5057659244698753 1.9609807874175444
0.883531962530296 1.9195659908624907
1.1840700257693126 1.1538088663680486
0.25657266223339775 0.33985027638669846
1.584081694804191 0.11286960814733016
0.21633240238746682 1.7842485091398952
1.6523714032673398 1.8444635467711858
1.2958449397158855 1.0018776396572209
0.8310185731275028 0.9550380156158346
0.1768169724810884 0.04122535269000743
1.9601711887575783 0.17034608297094211
0.0534908328491433 1.62096255216938
1.5085658977286625 1.6908888273275613
1.9072919382798235 1.584687608398479
1.0186645412155189 0.988772690873558
0.2616445646947109 0.2916331374149668
1.6255699818656903 0.008756221581037449
0.01930735457663585 1.6655762408278703
1.7169634394124569 1.6982008849264456
1.8974513410377563 0.4133041756882889
0.10927377404414483 1.0120695526908627
1.9781428740653912 1.1129626932834227
1.160786260138298 0.3018631307109954
0.97986438076605 1.3002299885220316
0.01997307036273375 1.1750621331944835
1.7070277689241287 0.962481799693314
0.8671519734683562 0.50804547688748
0.8013481298904678 1.3042960041132992
0.345384348858017 1.1663372983816822
1.9975892112044202 1.1197475252060167
0.8659980754243267 0.6979628639793427
1.1921799809209206 1.3306283967871113
0.23998351568025883 0.8788404706001972
1.7875152479515921 1.0224617472078832
0.930294467979699 0.5697917069571852
1.0993547163020092 1.4380875865695404
0.2329764058868285 1.098268288769684
1.9338757798672044 1.0983638450831255
1.0204349497602254 0.5439092664858086
0.8725758322227912 1.3417917524434761
0.11804829752795293 0.885557931504961
1.9473605163498497 1.109640241635989
1.1357177072391127 0.3583834914096008
0.8447948982766242 1.5504097370330645
0.238841009078267 0.9732681468800455
1.7476353142323282 0.9772412254257393
0.9185845873684156 0.3666358033151538
0.8034002316182138 1.6841423389286203
0.10921995739599569 1.1774143602406122
1.803878939513205 0.911667418344046
1.0006816577235171 0.38883912677846644
0.9661176379364352 1.6499546587301142
0.007393846944480176 1.1263203581323817
1.9245632107823976 0.9767885522776842
0.9798035676881536 0.6686138816662472
1.1756853650842352 1.4506218862356164
0.0829493167939349 0.9080490836658481
1.860538626223678 1.1132569221663742
1.016784166092916 0.3865842559998317
1.1273661796364927 1.5041510726632734
0.015863201236984682 1.1379750622464748
1.7854883107042205 1.148078092871945
0.9413959514195671 0.48235731183845754
0.9433587032764496 1.4501413438785462
0.3665547394765676 0.8480608886826412
1.6178124951026653 0.8169013016744449
0.8563207891224776 0.43648752581247463
1.108170725566491 1.5196451670606221
0.05604043492323525 0.8994003452644183
1.848006242196312 1.1255921069892991
0.9282544036341792 0.3639891170876726
0.8790169429282746 1.4450930284320664
0.11525383697555901 1.119590578845222
1.835592795171684 0.8776497877060125
0.9552071898749331 0.6709587316087482
1.185303575147319 1.5868440778612183
0.3425929726427645 1.0664959512229062
1.6396751408895567 1.094031909632064
1.1990637892484328 0.4258710052763338
0.9312624373770346 1.4529253453206645
0.00875773366585717 0.8199659461488611
1.9471681788698554 0.9519486617901605
0.8724639660028422 0.49710944675562235
0.915796862332897 1.6885218018892403
0.24793982430684022 1.103069625072157
1.9627740672658798 0.9691894416373684
1.1690672974846321 0.4082952072744931
0.8836021072761573 1.3117800163122664
0.27442778705877496 0.9344093278716837
1.6247632530223308 0.860544080357805
1.02626406217257 0.36297616320801335
0.9216226553789513 1.6724876887481692
0.06368951773119128 1.1130758156403358
1.8106236770203201 1.1928813988938962
1.1093950565762793 0.39023889370838133
0.9149088821574289 1.5101917620522467
0.2369948497484741 1.1378076262799968
1.8966406047794213 0.8654473934806806
0.806542572894881 0.6628059702364885
1.0759357141217194 1.5883173952059555
0.3886406399773598 0.8619169860027547
1.7354696420652944 0.9419457383679386
1.1229552476585045 0.339181101511147
1.0614456221793644 1.480850526064577
0.39484096870372276 1.085544818019219
1.6157653949136317 1.060962967079501
0.8641691473586365 0.3814046729216836
0.8908785978026661 1.5881463348537228
0.1433447996480508 0.9868073673430737
1.8679283542805847 1.1513008500212785
1.1968877029424259 0.6999820659676362
0.9804515170814546 1.5584261776352335
0.0228436917781651 1.1933969442497163
1.8800323664827572 0.8787785652257114
0.9766828502362186 0.4775474249212396
1.1069493886798778 1.5915256140973126
0.21123210252367733 0.996199236772777
1.9879952964590126 0.9510670638151296
0.9315800447978554 0.6228251579287751
1.015291054731495 1.6014557144394923
0.10178270427750356 1.1064897096775295
1.8040554029694909 0.9071181405449815
0.8905895052827693 0.6064519023313464
1.0839318257901114 1.3143405409084068
0.10629919120404946 1.0582716744054368
1.8476157913652713 0.9177507689617307
1.1462462733571492 0.4302212563223159
1.1621654370764714 1.6782929619328786
0.17430917407308888 0.8573183954370016
1.8425196150359187 0.8239571549119704
1.1402215723931923 0.5813139262556971
0.9933880246951999 1.6617915364619866
0.2673596490796474 0.978481844389252
1.9448183583857983 0.9394909815108176
1.1610679069483298 0.52307566622854
0.9383864583981633 1.4171208022883228
0.1274774029305652 0.9128304821961953
1.6650958515847696 0.844300445337515
0.8431605074529718 0.3739056264690509
1.0127136193000423 1.6854376076124404
0.17885707559639893 0.9661787551943762
1.7494104423313412 0.8953684466977123
1.1558975531679605 0.525817496094183
1.1522130157467059 1.4200258524132578
0.3018391327407427 0.9105705930746728
1.982917769237877 0.8815225605424435
1.072221631804895 0.4542360657091328
0.920755447931698 1.3043022937815827
0.11824052585004124 1.190279543858518
1.980236785593351 1.1487772015472206
1.0055250745065438 0.47059155666945957
0.9742499565091152 1.3411357132361743
0.12710023545156335 0.8838880514166337
1.7266213738051122 0.8227705473563831
0.8040014904700562 0.6692743931422144
1.0949917449365671 1.5900421568039276
0.3299025022646972 1.124008239487332
1.9340001784135332 1.05485865435775
0.9915061607718141 0.6205127488856312
0.910409534313911 1.6288186263498625
0.28433998041625613 1.1762068954671008
1.97594707248681 0.9184293150915515
0.843987702103372 0.6607354942198191
1.1102747871317113 1.6161777094210865
0.2256794715335766 0.8786970089898315
1.6656447929025824 0.8819981780854205
0.9905534722226947 0.5319829734556746
1.0764353630032486 1.5319457257659734
0.19479274504723004 0.8443583946546356
1.640904239789921 0.8856494855043311
1.1282313513475573 0.4219281339463204
0.9391360994184379 1.671386850970635
0.2119148025136744 1.1266499595546282
1.6203019547767181 0.9473841908060698
1.1394902193034735 0.3560705174945646
0.9739887822458172 1.5702157029867314
0.2351922850047631 1.1509760525794275
1.8944982405334754 1.1259376776806782
0.8015818192774321 0.39366558461673534
0.9536540914081664 1.4368608907357145
0.3430843068686311 1.0130693995193378
1.9167984630806179 0.9666297441167883
0.9767663071281777 0.5789519270998696
0.9682978344660722 1.468542067187963
0.07967844769142936 1.1459531652520907
1.9570200142514862 1.0568093679162827
0.8724841800845486 0.499238794649128
0.928884277052419 1.327722941398419
0.0019841887446613972 1.0570445963761657
1.8827274012723318 1.017456592654885
0.8605369344465601 0.4014164582798586
0.8673686832165592 1.3555027829564914
0.16826643932085705 1.1369628004727246
1.6318980868828452 1.1575042322042788
0.8443390418126121 0.3184520180453498
1.0478519372060209 1.59850890015392
0.006481561431858918 0.8416030587357695
1.6410813949666994 1.1174417655959172
1.0633037037161057 0.5574329184744885
1.002759493854957 1.6258525448621008
0.1018785114503673 1.0490403384211506
1.993113155779586 0.9287639445084168
1.1234249056495056 0.6007209551440671
1.1081072698269911 1.4127109072167332
0.1428274147818192 0.8928243035063723
1.9484484683291057 0.8158266788737967
1.1431182452602926 0.37177906258204546
0.8119169344781483 1.6670974474652578
0.1639382547321239 1.0732284929920528
1.6241751377649254 0.9666725530112156
1.0033830586770778 0.31723342552769973
0.9298431082794006 1.6763833145016882
0.32553210192692394 0.9480161053079007
1.6847702994440257 0.9993886957357782
0.9913483346514811 0.45673353455074295
1.1220750259121832 1.6501321908315048
0.16852731212816383 0.8042848287761869
1.8086626891817779 0.9505592704243276
0.8262649017310302 0.652172480696073
0.9655750497868807 1.4358111138156462
0.38380336616291055 0.8129533085874125
1.9946630564525167 0.9123752339799913
0.9570064645754128 0.44783020850389743
1.1357166238802008 1.583939806651369
0.2351046218579005 1.0674517468655669
1.6723252843584786 0.9449638303529551
0.9201418285999624 0.5330020429335162
0.9113841758309553 1.639240922907633
0.27454676792381294 0.8081790564044397
1.6803006565063525 0.9905002917255302
0.8476410231691611 0.37867511119284714
1.1175973277122813 1.4343538483413667
0.08978813941415278 1.03428909147447
1.8767477660649798 1.0156642934852629
1.113277605899624 0.6998150971914989
0.9197221827000279 1.662674419108796
0.12192872344576183 0.804368569996692
1.6458606174120365 0.9090036033115896
0.8067898553151196 0.6948258274299517
0.9833318781821071 1.3068831196319155
0.2931991012325755 0.8275690525309513
1.8645773709397537 0.9597674377172393
1.024863191037501 0.5137442780344968
0.8137791159041167 1.5997243069889167
0.2835019733254784 0.8467554523040368
1.7935323082495997 1.0447721481640497
1.0679964006061191 0.30673334975865174
0.9895431308971692 1.4935988432944876
0.3948687376272931 1.0152337844516097
1.6563133341955285 1.1498615146560502
0.9323141521805046 0.5044350572851105
1.1034134968588527 1.3155327753259962
0.04289356740019588 1.1686203992216921
1.7710877926812774 1.1525243195934312
1.185388297713085 0.48174653031289905
1.125573441329742 1.3840844160393833
0.21420754526132868 1.1934153745310412
1.9986588560469063 1.0922316377425554
1.0151304845897429 0.45658137441612834
0.8026449997910472 1.6647524702110061
0.329055357008313 0.9938425122977329
1.7710151010372908 0.8550564048370446
0.9408185117796424 0.37517891730900155
1.0067586134804754 1.4404475797108895
0.04803699696230721 1.0585183785029328
1.8644357427842453 1.0991375963569634
1.1753190051165379 0.43552376035348306
1.048709658004203 1.6735899038215307
0.26207699761101017 1.1285130489621342
1.9812140474077942 0.947551748874371
1.12756891033787 0.4004382116082322
0.8692643317083296 1.6363951369298073
0.004683763389237772 0.9683648308855988
1.904061397648496 0.8751541644529668
0.8343781967097038 0.5519100291959069
1.1226775190376999 1.4859114746980058
0.1255613932294892 0.9416117086350185
1.6872545231956426 0.9159523010122089
0.8106164278161101 0.43821809599092443
1.066485048904765 1.360370154558937
0.2646365270166469 0.9924017748154393
1.6485883909848684 0.817573972265699
0.9068455774398934 0.4654183679780477
1.0716328291859234 1.6734118700446694
0.1655627585315355 1.134745380208297
1.8261972879916075 0.86939269623144
0.8634616487656022 0.6847526904617955
1.0670054651226375 1.382751711615933
0.06776511723492762 1.0509712785857732
1.8643065113276736 1.030872824864454
0.9504075731793831 0.4275430122316769
1.132416702673856 1.5098450676121793
0.21608702140580813 0.9009494313669791
1.9919772965150588 0.8866968504337823
1.181519914114068 0.5391333981481499
0.9541244029447019 1.6871170336812198
0.027102333135470814 1.143642941871269
1.858907318277957 1.055237512253655
0.8925718492338174 0.46344240899732664
0.9569322963507522 1.6093177494072661
0.35115488490870395 0.8725514712048066
1.6923494751933787 1.1769370368059788
0.9720749593869435 0.5296883355060589
0.8269412733068224 1.3655662432788522
0.36918813509572884 1.0666089303810007
1.939211188233234 0.9091561676464822
1.133902235036361 0.6928498047014775
0.8390124869216693 1.528645279221265
0.36342726546173565 0.8580976129563028
1.6573970288463793 0.8540554462816532
1.1207950044299873 0.6794242008031368
1.1030049738235779 1.5781095980803328
0.10097639887930661 1.0191415180784977
1.620456867870485 0.8460711053658195
0.8278160064659124 0.590046451614393
1.1428500596575484 1.333770193313579
0.2693933010145177 0.9683412457859348
1.799602262574558 1.1255483185275665
0.8348113810600009 0.3105306851860419
1.122525329884857 1.376117112623256
